0.000000	60.000000
0.010000	60.289729
0.020000	60.264114
0.030000	60.238505
0.040000	60.212807
0.050000	60.187066
0.060000	60.161260
0.070000	60.135399
0.080000	60.109478
0.090000	60.083499
0.100000	60.057461
0.110000	60.031364
0.120000	60.005208
0.130000	59.978993
0.140000	59.952717
0.150000	59.926382
0.160000	59.899987
0.170000	59.873532
0.180000	59.847017
0.190000	59.820441
0.200000	59.793804
0.210000	59.767106
0.220000	59.740346
0.230000	59.713526
0.240000	59.686644
0.250000	59.659700
0.260000	59.632694
0.270000	59.605626
0.280000	59.578495
0.290000	59.551302
0.300000	59.524046
0.310000	59.496726
0.320000	59.469344
0.330000	59.441898
0.340000	59.414389
0.350000	59.386815
0.360000	59.359178
0.370000	59.331476
0.380000	59.303709
0.390000	59.275878
0.400000	59.247982
0.410000	59.220021
0.420000	59.191994
0.430000	59.163902
0.440000	59.135743
0.450000	59.107519
0.460000	59.079228
0.470000	59.050871
0.480000	59.022448
0.490000	58.993957
0.500000	58.965399
0.510000	58.936774
0.520000	58.908081
0.530000	58.879320
0.540000	58.850491
0.550000	58.821594
0.560000	58.792628
0.570000	58.763593
0.580000	58.734489
0.590000	58.705317
0.600000	58.676074
0.610000	58.646762
0.620000	58.617380
0.630000	58.587928
0.640000	58.558405
0.650000	58.528812
0.660000	58.499147
0.670000	58.469412
0.680000	58.439605
0.690000	58.409727
0.700000	58.379776
0.710000	58.349754
0.720000	58.319659
0.730000	58.289492
0.740000	58.259251
0.750000	58.228938
0.760000	58.198551
0.770000	58.168090
0.780000	58.137556
0.790000	58.106948
0.800000	58.076265
0.810000	58.045507
0.820000	58.014675
0.830000	57.983768
0.840000	57.952785
0.850000	57.921726
0.860000	57.890592
0.870000	57.859381
0.880000	57.828094
0.890000	57.796730
0.900000	57.765289
0.910000	57.733771
0.920000	57.702176
0.930000	57.670503
0.940000	57.638751
0.950000	57.606922
0.960000	57.575014
0.970000	57.543027
0.980000	57.510960
0.990000	57.478815
1.000000	57.446590
1.010000	57.414285
1.020000	57.381899
1.030000	57.349434
1.040000	57.316887
1.050000	57.284259
1.060000	57.251550
1.070000	57.218760
1.080000	57.185887
1.090000	57.152933
1.100000	57.119896
1.110000	57.086776
1.120000	57.053573
1.130000	57.020287
1.140000	56.986917
1.150000	56.953463
1.160000	56.919925
1.170000	56.886303
1.180000	56.852595
1.190000	56.818803
1.200000	56.784926
1.210000	56.750962
1.220000	56.716913
1.230000	56.682777
1.240000	56.648555
1.250000	56.614246
1.260000	56.579850
1.270000	56.545367
1.280000	56.510795
1.290000	56.476136
1.300000	56.441388
1.310000	56.406551
1.320000	56.371626
1.330000	56.336611
1.340000	56.301506
1.350000	56.266312
1.360000	56.231027
1.370000	56.195652
1.380000	56.160185
1.390000	56.124628
1.400000	56.088979
1.410000	56.053238
1.420000	56.017405
1.430000	55.981480
1.440000	55.945461
1.450000	55.909350
1.460000	55.873145
1.470000	55.836846
1.480000	55.800454
1.490000	55.763966
1.500000	55.727384
1.510000	55.690707
1.520000	55.653934
1.530000	55.617066
1.540000	55.580101
1.550000	55.543040
1.560000	55.505883
1.570000	55.468628
1.580000	55.431275
1.590000	55.393825
1.600000	55.356277
1.610000	55.318630
1.620000	55.280884
1.630000	55.243039
1.640000	55.205094
1.650000	55.167050
1.660000	55.128905
1.670000	55.090660
1.680000	55.052314
1.690000	55.013866
1.700000	54.975317
1.710000	54.936666
1.720000	54.897912
1.730000	54.859056
1.740000	54.820096
1.750000	54.781034
1.760000	54.741867
1.770000	54.702596
1.780000	54.663220
1.790000	54.623740
1.800000	54.584154
1.810000	54.544463
1.820000	54.504665
1.830000	54.464761
1.840000	54.424751
1.850000	54.384633
1.860000	54.344407
1.870000	54.304074
1.880000	54.263632
1.890000	54.223082
1.900000	54.182423
1.910000	54.141654
1.920000	54.100775
1.930000	54.059786
1.940000	54.018686
1.950000	53.977476
1.960000	53.936154
1.970000	53.894720
1.980000	53.853174
1.990000	53.811516
2.000000	53.769744
2.010000	53.727859
2.020000	53.685861
2.030000	53.643748
2.040000	53.601521
2.050000	53.559178
2.060000	53.516720
2.070000	53.474147
2.080000	53.431457
2.090000	53.388650
2.100000	53.345727
2.110000	53.302686
2.120000	53.259527
2.130000	53.216250
2.140000	53.172855
2.150000	53.129340
2.160000	53.085705
2.170000	53.041951
2.180000	52.998076
2.190000	52.954081
2.200000	52.909964
2.210000	52.865725
2.220000	52.821365
2.230000	52.776882
2.240000	52.732276
2.250000	52.687546
2.260000	52.642693
2.270000	52.597715
2.280000	52.552613
2.290000	52.507385
2.300000	52.462032
2.310000	52.416553
2.320000	52.370948
2.330000	52.325215
2.340000	52.279355
2.350000	52.233367
2.360000	52.187251
2.370000	52.141006
2.380000	52.094632
2.390000	52.048128
2.400000	52.001494
2.410000	51.954730
2.420000	51.907834
2.430000	51.860807
2.440000	51.813648
2.450000	51.766356
2.460000	51.718931
2.470000	51.671373
2.480000	51.623681
2.490000	51.575855
2.500000	51.527893
2.510000	51.479797
2.520000	51.431564
2.530000	51.383196
2.540000	51.334690
2.550000	51.286047
2.560000	51.237266
2.570000	51.188347
2.580000	51.139290
2.590000	51.090092
2.600000	51.040756
2.610000	50.991278
2.620000	50.941660
2.630000	50.891901
2.640000	50.842000
2.650000	50.791956
2.660000	50.741770
2.670000	50.691440
2.680000	50.640966
2.690000	50.590348
2.700000	50.539585
2.710000	50.488677
2.720000	50.437622
2.730000	50.386421
2.740000	50.335073
2.750000	50.283577
2.760000	50.231933
2.770000	50.180140
2.780000	50.128198
2.790000	50.076107
2.800000	50.023865
2.810000	49.971472
2.820000	49.918927
2.830000	49.866230
2.840000	49.813381
2.850000	49.760379
2.860000	49.707223
2.870000	49.653913
2.880000	49.600447
2.890000	49.546827
2.900000	49.493050
2.910000	49.439116
2.920000	49.385026
2.930000	49.330777
2.940000	49.276370
2.950000	49.221804
2.960000	49.167079
2.970000	49.112193
2.980000	49.057146
2.990000	49.001938
3.000000	48.946568
3.010000	48.891035
3.020000	48.835339
3.030000	48.779479
3.040000	48.723454
3.050000	48.667264
3.060000	48.610908
3.070000	48.554386
3.080000	48.497696
3.090000	48.440838
3.100000	48.383812
3.110000	48.326617
3.120000	48.269252
3.130000	48.211717
3.140000	48.154010
3.150000	48.096131
3.160000	48.038080
3.170000	47.979856
3.180000	47.921458
3.190000	47.862885
3.200000	47.804136
3.210000	47.745212
3.220000	47.686110
3.230000	47.626831
3.240000	47.567374
3.250000	47.507738
3.260000	47.447922
3.270000	47.387926
3.280000	47.327748
3.290000	47.267388
3.300000	47.206846
3.310000	47.146120
3.320000	47.085209
3.330000	47.024114
3.340000	46.962832
3.350000	46.901364
3.360000	46.839708
3.370000	46.777864
3.380000	46.715830
3.390000	46.653607
3.400000	46.591192
3.410000	46.528586
3.420000	46.465787
3.430000	46.402795
3.440000	46.339609
3.450000	46.276227
3.460000	46.212649
3.470000	46.148874
3.480000	46.084902
3.490000	46.020730
3.500000	45.956359
3.510000	45.891787
3.520000	45.827013
3.530000	45.762037
3.540000	45.696857
3.550000	45.631473
3.560000	45.565883
3.570000	45.500087
3.580000	45.434083
3.590000	45.367870
3.600000	45.301448
3.610000	45.234815
3.620000	45.167971
3.630000	45.100914
3.640000	45.033643
3.650000	44.966157
3.660000	44.898455
3.670000	44.830536
3.680000	44.762399
3.690000	44.694042
3.700000	44.625464
3.710000	44.556665
3.720000	44.487643
3.730000	44.418397
3.740000	44.348925
3.750000	44.279227
3.760000	44.209301
3.770000	44.139146
3.780000	44.068760
3.790000	43.998142
3.800000	43.927292
3.810000	43.856207
3.820000	43.784887
3.830000	43.713329
3.840000	43.641533
3.850000	43.569497
3.860000	43.497220
3.870000	43.424700
3.880000	43.351936
3.890000	43.278926
3.900000	43.205669
3.910000	43.132163
3.920000	43.058407
3.930000	42.984399
3.940000	42.910137
3.950000	42.835620
3.960000	42.760847
3.970000	42.685815
3.980000	42.610523
3.990000	42.534969
4.000000	42.459152
4.010000	42.383069
4.020000	42.306719
4.030000	42.230100
4.040000	42.153211
4.050000	42.076048
4.060000	41.998611
4.070000	41.920897
4.080000	41.842905
4.090000	41.764632
4.100000	41.686076
4.110000	41.607236
4.120000	41.528109
4.130000	41.448693
5.708869	30.987656
5.718869	30.732996
5.728869	30.650830
5.738869	30.513901
5.748869	30.393614
5.758869	30.272659
5.768869	30.149014
5.778869	30.027704
5.788869	29.904359
5.798869	29.784789
5.808869	29.662765
5.818869	29.544537
5.828869	29.423826
5.838869	29.306857
5.848869	29.187407
5.858869	29.071632
5.868869	28.953386
5.878869	28.838752
5.888869	28.721659
5.898869	28.608122
5.908869	28.492139
5.918869	28.379659
5.928869	28.264751
5.938869	28.147630
5.948869	28.034033
5.958869	27.923756
5.968869	27.811100
5.978869	27.701791
5.988869	27.590109
5.998869	27.476257
6.008869	27.365786
6.018869	27.258504
6.028869	27.148904
6.038869	27.042523
6.048869	26.933833
6.058869	26.823027
6.068869	26.715476
6.078869	26.611001
6.088869	26.504275
6.098869	26.400652
6.108869	26.294789
6.118869	26.192000
6.128869	26.086996
6.138869	25.979957
6.148869	25.876024
6.158869	25.775032
6.168869	25.671883
6.178869	25.571699
6.188869	25.469369
6.198869	25.369977
6.208869	25.268464
6.218869	25.169857
6.228869	25.069152
6.238869	24.971317
6.248869	24.871407
6.258869	24.774338
6.268869	24.679953
6.278869	24.583446
6.288869	24.484961
6.298869	24.389257
6.308869	24.296192
6.318869	24.201055
6.328869	24.103985
6.338869	24.009643
6.348869	23.917890
6.358869	23.824113
6.368869	23.732943
6.378869	23.639764
6.388869	23.549171
6.398869	23.456593
6.408869	23.366578
6.418869	23.274602
6.428869	23.185160
6.438869	23.098121
6.448869	23.009083
6.458869	22.918170
6.468869	22.829745
6.478869	22.743682
6.488869	22.655667
6.498869	22.570036
6.508869	22.482470
6.518869	22.397271
6.528869	22.314313
6.538869	22.229391
6.548869	22.142620
6.558869	22.058172
6.568869	21.975936
6.578869	21.891786
6.588869	21.809864
6.598869	21.726046
6.608869	21.644439
6.618869	21.564934
6.628869	21.483506
6.638869	21.404201
6.648869	21.322994
6.658869	21.243898
6.668869	21.162927
6.678869	21.084054
6.688869	21.007176
6.698869	20.928400
6.708869	20.851638
6.718869	20.773000
6.728869	20.696368
6.738869	20.621641
6.748869	20.545022
6.758869	20.470329
6.768869	20.393767
6.778869	20.319125
6.788869	20.242641
6.798869	20.168065
6.808869	20.095305
6.818869	20.020688
6.828869	19.947907
6.838869	19.876878
6.848869	19.803978
6.858869	19.732850
6.868869	19.659874
6.878869	19.588669
6.888869	19.519147
6.898869	19.447770
6.908869	19.378101
6.918869	19.310060
6.928869	19.240155
6.938869	19.171900
6.948869	19.101807
6.958869	19.033362
6.968869	18.966491
6.978869	18.897779
6.988869	18.830660
6.998869	18.765063
7.008869	18.697620
7.018869	18.631723
7.028869	18.567303
7.038869	18.501036
7.048869	18.436268
7.058869	18.372934
7.068869	18.307752
7.078869	18.244027
7.088869	18.181695
7.098869	18.117517
7.108869	18.054755
7.118869	17.993348
7.128869	17.930099
7.138869	17.868229
7.148869	17.807677
7.158869	17.745289
7.168869	17.684244
7.178869	17.624485
7.188869	17.562896
7.198869	17.502616
7.208869	17.443588
7.218869	17.382738
7.228869	17.323164
7.238869	17.264813
7.248869	17.204649
7.258869	17.145730
7.268869	17.088007
7.278869	17.031447
7.288869	16.973061
7.298869	16.915859
7.308869	16.859795
7.318869	16.801919
7.328869	16.745202
7.338869	16.689598
7.348869	16.635079
7.358869	16.578742
7.368869	16.523512
7.378869	16.469346
7.388869	16.416215
7.398869	16.361264
7.408869	16.307371
7.418869	16.254496
7.428869	16.199818
7.438869	16.146182
7.448869	16.093548
7.458869	16.041891
7.468869	15.988432
7.478869	15.935970
7.488869	15.884470
7.498869	15.833906
7.508869	15.781545
7.518869	15.730145
7.528869	15.679668
7.538869	15.630093
7.548869	15.578727
7.558869	15.528286
7.568869	15.478733
7.578869	15.430049
7.588869	15.379584
7.598869	15.330010
7.608869	15.281295
7.618869	15.233418
7.628869	15.183770
7.638869	15.134984
7.648869	15.087028
7.658869	15.039883
7.668869	14.990979
7.678869	14.945448
7.688869	14.898128
7.698869	14.851604
7.708869	14.803333
7.718869	14.758376
7.728869	14.711645
7.738869	14.665687
7.748869	14.620474
7.758869	14.573522
7.768869	14.527338
7.778869	14.481896
7.788869	14.437178
7.798869	14.393168
7.808869	14.347428
7.818869	14.304833
7.828869	14.260483
7.838869	14.216834
7.848869	14.171472
7.858869	14.129203
7.868869	14.085200
7.878869	14.041881
7.888869	13.999223
7.898869	13.957210
7.908869	13.913493
7.918869	13.872772
7.928869	13.830327
7.938869	13.788522
7.948869	13.745034
7.958869	13.704496
7.968869	13.662256
7.978869	13.620647
7.988869	13.579644
7.998869	13.539237
8.008869	13.499413
8.018869	13.457911
8.028869	13.417015
8.038869	13.376704
8.048869	13.336967
8.058869	13.297792
8.068869	13.256958
8.078869	13.216709
8.088869	13.177025
8.098869	13.137896
8.108869	13.099310
8.118869	13.061257
8.128869	13.021561
8.138869	12.984576
8.148869	12.945936
8.158869	12.907829
8.168869	12.870239
8.178869	12.831028
8.188869	12.794475
8.198869	12.756289
8.208869	12.718623
8.218869	12.681458
8.228869	12.644786
8.238869	12.608597
8.248869	12.570804
8.258869	12.535586
8.268869	12.498754
8.278869	12.462409
8.288869	12.426535
8.298869	12.391125
8.308869	12.356168
8.318869	12.319627
8.328869	12.283561
8.338869	12.247957
8.348869	12.212806
8.358869	12.178100
8.368869	12.143830
8.378869	12.107999
8.388869	12.074609
8.398869	12.039649
8.408869	12.005131
8.418869	11.971042
8.428869	11.937374
8.438869	11.904120
8.448869	11.869326
8.458869	11.836906
8.468869	11.802940
8.478869	11.769394
8.488869	11.736255
8.498869	11.703518
8.508869	11.671174
8.518869	11.637314
8.528869	11.605765
8.538869	11.572693
8.548869	11.540023
8.558869	11.507740
8.568869	11.475841
8.578869	11.444319
8.588869	11.413166
8.598869	11.380521
8.608869	11.350116
8.618869	11.318214
8.628869	11.286689
8.638869	11.255530
8.648869	11.224733
8.658869	11.194291
8.668869	11.162382
8.678869	11.132658
8.688869	11.101462
8.698869	11.070630
8.708869	11.040150
8.718869	11.010017
8.728869	10.980227
8.738869	10.950773
8.748869	10.919878
8.758869	10.891104
8.768869	10.860886
8.778869	10.831013
8.788869	10.801474
8.798869	10.772266
8.808869	10.743383
8.818869	10.714821
8.828869	10.686573
8.838869	10.656912
8.848869	10.627584
8.858869	10.598580
8.868869	10.569897
8.878869	10.541528
8.888869	10.513470
8.898869	10.485718
8.908869	10.458266
8.918869	10.429429
8.928869	10.400910
8.938869	10.374374
8.948869	10.346451
8.958869	10.318833
8.968869	10.291512
8.978869	10.264485
8.988869	10.237746
8.998869	10.211293
9.008869	10.183481
9.018869	10.157605
9.028869	10.130369
9.038869	10.103426
9.048869	10.076770
9.058869	10.050396
9.068869	10.024300
9.078869	9.998478
9.088869	9.972927
9.098869	9.946046
9.108869	9.921044
9.118869	9.894711
9.128869	9.868657
9.138869	9.842875
9.148869	9.817363
9.158869	9.792115
9.168869	9.767129
9.178869	9.742401
9.188869	9.717926
9.198869	9.692152
9.208869	9.666648
9.218869	9.642949
9.228869	9.617951
9.238869	9.593213
9.248869	9.568728
9.258869	9.544493
9.268869	9.520504
9.278869	9.496760
9.288869	9.473255
9.298869	9.448480
9.308869	9.425464
9.318869	9.401176
9.328869	9.377138
9.338869	9.353343
9.348869	9.329788
9.358869	9.306471
9.368869	9.283387
9.378869	9.260535
9.388869	9.237910
9.398869	9.214043
9.408869	9.191882
9.418869	9.168479
9.428869	9.145312
9.438869	9.122377
9.448869	9.099671
9.458869	9.077190
9.468869	9.054931
9.478869	9.032893
9.488869	9.011071
9.498869	8.989464
9.508869	8.966644
9.518869	8.945473
9.528869	8.923090
9.538869	8.900930
9.548869	8.878987
9.558869	8.857261
9.568869	8.835747
9.578869	8.814443
9.588869	8.793346
9.598869	8.772454
9.608869	8.751764
9.618869	8.729892
9.628869	8.709615
9.638869	8.688154
9.648869	8.668277
9.658869	8.647219
9.668869	8.626367
9.678869	8.605717
9.688869	8.585265
9.698869	8.565010
9.708869	8.544949
9.718869	8.525080
9.728869	8.505400
9.738869	8.484568
9.748869	8.465274
9.758869	8.444828
9.768869	8.424581
9.778869	8.405853
9.788869	8.385976
9.798869	8.366290
9.808869	8.346792
9.818869	8.327478
9.828869	8.308346
9.838869	8.289395
9.848869	8.270622
9.858869	8.252025
9.868869	8.232306
9.878869	8.214068
9.888869	8.194709
9.898869	8.175534
9.908869	8.156540
9.918869	8.137724
9.928869	8.119085
9.938869	8.100620
9.948869	8.082328
9.958869	8.064206
9.968869	8.046252
9.978869	8.028464
9.988869	8.009582
9.998869	7.992134
10.008869	7.974845
10.018869	7.956465
10.028869	7.938258
10.038869	7.920220
10.048869	7.902349
10.058869	7.884643
10.068869	7.867101
10.078869	7.849720
10.088869	7.832498
10.098869	7.815434
10.108869	7.798526
10.118869	7.781772
10.128869	7.765170
10.138869	7.747505
10.148869	7.731215
10.158869	7.713862
10.168869	7.696670
10.178869	7.679635
10.188869	7.662755
10.198869	7.646029
10.208869	7.629455
10.218869	7.613031
10.228869	7.596755
10.238869	7.580627
10.248869	7.564643
10.258869	7.548802
10.268869	7.533104
10.278869	7.517545
10.288869	7.500953
10.298869	7.485682
10.308869	7.469378
10.318869	7.453223
10.328869	7.437213
10.338869	7.421346
10.348869	7.405621
10.358869	7.390037
10.368869	7.374591
10.378869	7.359283
10.388869	7.344110
10.398869	7.329072
10.408869	7.314166
10.418869	7.298254
10.428869	7.283620
10.438869	7.269113
10.448869	7.253603
10.458869	7.239360
10.468869	7.224114
10.478869	7.209004
10.488869	7.194028
10.498869	7.179183
10.508869	7.164469
10.518869	7.149883
10.528869	7.135426
10.538869	7.121094
10.548869	7.106887
10.558869	7.092804
10.568869	7.078842
10.578869	7.065001
10.588869	7.051280
10.598869	7.037677
10.608869	7.023099
10.618869	7.009738
10.628869	6.995404
10.638869	6.981195
10.648869	6.967110
10.658869	6.953146
10.668869	6.939303
10.678869	6.925580
10.688869	6.911974
10.698869	6.898485
10.708869	6.885111
10.718869	6.871851
10.728869	6.858704
10.738869	6.845669
10.748869	6.832745
10.758869	6.819930
10.768869	6.807223
10.778869	6.793570
10.788869	6.781085
10.798869	6.767656
10.808869	6.755389
10.818869	6.742178
10.828869	6.729081
10.838869	6.716094
10.848869	6.703217
10.858869	6.690449
10.868869	6.677789
10.878869	6.665234
10.888869	6.652785
10.898869	6.640440
10.908869	6.628198
10.918869	6.616058
10.928869	6.604018
10.938869	6.592078
10.948869	6.580237
10.958869	6.568494
10.968869	6.556847
10.978869	6.544284
10.988869	6.532837
10.998869	6.520475
11.008869	6.508216
11.018869	6.497063
11.028869	6.484997
11.038869	6.473032
11.048869	6.461166
11.058869	6.449398
11.068869	6.437726
11.078869	6.426150
11.088869	6.414668
11.098869	6.403280
11.108869	6.391984
11.118869	6.380781
11.128869	6.369668
11.138869	6.358645
11.148869	6.347711
11.158869	6.336865
11.168869	6.326106
11.178869	6.315433
11.188869	6.303874
11.198869	6.293380
11.208869	6.281999
11.218869	6.270712
11.228869	6.260482
11.238869	6.249368
11.248869	6.238344
11.258869	6.227409
11.268869	6.216561
11.278869	6.205801
11.288869	6.195126
11.298869	6.184536
11.308869	6.174031
11.318869	6.163608
11.328869	6.153268
11.338869	6.143010
11.348869	6.132833
11.358869	6.122736
11.368869	6.112718
11.378869	6.102778
11.388869	6.092916
11.398869	6.082195
11.408869	6.072494
11.418869	6.062867
11.428869	6.052384
11.438869	6.042914
11.448869	6.032588
11.458869	6.022344
11.468869	6.013105
11.478869	6.003012
11.488869	5.993000
11.498869	5.983065
11.508869	5.973207
11.518869	5.963426
11.528869	5.953720
11.538869	5.944090
11.548869	5.934533
11.558869	5.925050
11.568869	5.915640
11.578869	5.906301
11.588869	5.897034
11.598869	5.887837
11.608869	5.878711
11.618869	5.869653
11.628869	5.860664
11.638869	5.851743
11.648869	5.842889
11.658869	5.834102
11.668869	5.825381
11.678869	5.815832
11.688869	5.807248
11.698869	5.797838
11.708869	5.789388
11.718869	5.780113
11.728869	5.770909
11.738869	5.762659
11.748869	5.753586
11.758869	5.744582
11.768869	5.735645
11.778869	5.726776
11.788869	5.717972
11.798869	5.709234
11.808869	5.700562
11.818869	5.691953
11.828869	5.683408
11.838869	5.674927
11.848869	5.666507
11.858869	5.658150
11.868869	5.649854
11.878869	5.641619
11.888869	5.633444
11.898869	5.625328
11.908869	5.617272
11.918869	5.609274
11.928869	5.601334
11.938869	5.593451
11.948869	5.585626
11.958869	5.577856
11.968869	5.570143
11.978869	5.561633
11.988869	5.554036
11.998869	5.545644
12.008869	5.538161
12.018869	5.529885
12.028869	5.521669
12.038869	5.513513
12.048869	5.506257
12.058869	5.498212
12.068869	5.490224
12.078869	5.482294
